18.00110771352838 0.8372466744618174 0.008372466744618175 10000 1000 20.115823984146118 2 -3.0 3.0
17.966512549613125 0.8498667629476189 0.02687514678588871 1000 1000 2.0439863204956055 2 -3.0 3.0
18.017336072925257 0.8261338869421837 0.026124647349853373 1000 1000 2.029006004333496 2 -3.0 3.0
17.993319689252985 0.8321483097114639 0.008321483097114639 10000 1000 19.93790292739868 2 -3.0 3.0
18.00979762845184 0.841227320892436 0.00841227320892436 10000 1000 3.3034088611602783 2 -3.0 3.0
18.185291935120805 0.6968661045874629 0.2203684114665495 10 1000 0.5933728218078613 2 -3 3
17.853464243853 0.8166098461413623 0.08166098461413623 100 1000 0.5615880489349365 2 -3 3
17.98460708525662 0.8345343103089484 0.026390292061340137 1000 1000 1.0297856330871582 2 -3 3
18.00855540171017 0.8406663494005872 0.008406663494005871 10000 1000 3.2584879398345947 2 -3 3
18.00355246113413 0.8591316224040845 0.027168127366726517 1000 1000 1.0608580112457275 2 -3 3
17.994023050513103 0.8332827019477342 0.008332827019477343 10000 1000 2.6869959831237793 2 -3 3
1.9968153563827944 0.05262234778289856 0.0005262234778289856 10000 1000 3.007816791534424 3 0 3.141592653589793
1.9995772124765703 0.05167464300096932 0.0005167464300096932 10000 1000 3.0432770252227783 3 0 3.141592653589793
1.999436974861295 0.05071173629573098 0.0005071173629573098 10000 1000 24.14488697052002 3 0 3.141592653589793
18.4575608100072 0.6412980821307688 0.20279625986309566 10 1000 0.5805680751800537 2 -3 3
18.011153300558043 0.8588224616004508 0.08588224616004508 100 1000 0.8099770545959473 2 -3 3
17.967930616669825 0.8583608902934434 0.027143754677371974 1000 1000 2.6208231449127197 2 -3 3
17.989173261179193 0.8320680246502579 0.00832068024650258 10000 1000 21.876806020736694 2 -3 3
18.00012187331056 0.8343312511366402 0.0026383870766497307 100000 1000 207.7256019115448 2 -3 3
18.0529390098288 0.6636601191607969 0.12116720592697833 30 1000 0.5552608966827393 2 -3 3
17.9621827182 0.8701710979541452 0.05023935176448579 300 1000 1.3061420917510986 2 -3 3
18.014556661494126 0.8196460326972576 0.014964620709263497 3000 1000 6.833930969238281 2 -3 3
17.994179983267383 0.8341765320804375 0.0048161204534830915 30000 1000 63.77368688583374 2 -3 3
63.35524704967919 1.0552147465636348 0.333688201973842 10 1000 0.447246789932251 2 3 6
63.0415697945418 1.8963436344229965 0.34622339511826844 30 1000 0.7488880157470703 2 3 6
62.74641083518961 1.7915120690496211 0.1791512069049621 100 1000 0.8641490936279297 2 3 6
62.97807849470675 1.8925232117876876 0.10926487857732364 300 1000 1.2309386730194092 2 3 6
62.928494812930815 1.787278332615803 0.05651870343733944 1000 1000 2.713710069656372 2 3 6
62.96265917903253 1.8268369742938946 0.033353327323508375 3000 1000 6.810450315475464 2 3 6
62.98038761281385 1.779768290914033 0.01779768290914033 10000 1000 21.7779757976532 2 3 6
62.97436727706164 1.771447537893173 0.010227457128579233 30000 1000 61.54054403305054 2 3 6
63.00156763017489 1.7798384140743617 0.005628343255536871 100000 1000 201.3559353351593 2 3 6
